346 560
359 575
366 558
606 907
607 922
626 926
635 936
653 650
666 641
682 672
698 665
735 790
733 804
725 829
710 837
696 822
710 837
709 863
727 855
725 829
757 835
745 851
727 855
745 851
735 866
727 855
735 866
745 851
821 813
814 799
769 805
775 831
769 805
837 838
816 851
837 838
882 855
859 820
882 855
900 862
922 832
890 825
882 855
890 825
916 817
918 785
871 791
846 793
871 791
883 767
917 751
918 785
917 751
940 784
931 807
939 820
922 832
939 820
957 826
947 846
933 867
911 874
900 862
911 874
893 902
869 902
893 902
905 913
932 899
952 895
933 867
952 895
974 876
977 821
951 790
940 784
959 748
917 751
959 748
959 748
990 752
1000 793
977 821
1000 793
1000 793
1015 832
977 821
1015 832
996 872
974 876
996 872
1015 832
1035 843
1046 866
1080 875
1107 875
1114 900
1092 929
1070 913
1047 916
1045 926
1017 912
1005 890
996 872
985 909
989 927
975 935
951 935
944 929
952 895
952 895
952 895
933 867
947 846
957 826
939 820
922 832
890 825
916 817
918 785
917 751
893 720
898 703
924 691
935 708
917 751
935 708
960 711
959 748
960 711
969 682
998 683
1012 672
1030 677
1049 696
1046 735
1002 733
990 752
1002 733
1046 735
1063 780
1081 764
1046 735
1081 764
1102 763
1123 707
1100 690
1071 686
1049 696
1071 686
1081 656
1043 658
1030 677
1043 658
1036 619
1009 647
1012 672
1009 647
981 621
972 641
961 665
969 682
961 665
924 691
898 673
961 665
898 673
904 628
925 639
959 630
972 641
959 630
971 603
981 621
971 603
1000 550
1009 559
971 603
1009 559
1043 587
1040 612
1072 596
1043 587
1051 559
1072 596
1051 559
1048 542
1000 550
970 483
994 451
1003 474
1021 481
1019 504
1018 539
1000 550
1018 539
1019 504
1018 539
1019 504
1041 514
1048 542
1041 514
1043 490
1021 481
1043 490
1069 484
1082 448
1067 432
994 451
1067 432
1067 432
1062 411
1076 406
1085 418
1067 432
1062 411
1076 406
1027 389
1034 418
1033 441
1033 441
994 451
1033 441
1023 440
1016 443
1016 443
1007 446
994 451
994 451
977 449
970 483
945 462
977 449
945 462
895 464
891 519
906 535
949 496
945 462
949 496
989 546
915 572
906 535
915 572
902 580
971 603
902 580
890 598
904 628
890 598
871 625
861 647
853 666
867 681
898 673
898 703
893 720
876 721
843 762
876 721
875 704
867 681
875 704
806 715
803 746
806 715
793 685
768 682
761 750
743 759
756 682
744 678
720 691
846 631
871 625
846 631
832 612
832 612
796 604
790 589
836 544
870 570
796 604
870 570
861 606
832 612
861 606
873 617
861 606
870 570
890 598
870 570
902 580
906 535
891 519
847 528
836 544
847 528
830 489
830 470
877 456
895 464
877 456
830 470
810 451
767 452
745 484
758 493
803 496
830 470
803 496
830 489
803 496
830 470
803 496
759 577
758 493
759 577
741 578
738 608
759 577
765 588
779 621
765 588
790 589
765 588
759 577
741 578
727 554
689 559
688 583
741 578
688 583
666 641
653 650
624 629
620 612
624 590
654 591
670 580
688 583
670 580
633 521
671 517
689 559
671 517
707 493
689 559
707 493
732 509
727 554
732 509
745 484
767 452
767 438
729 439
707 493
698 465
729 439
727 420
752 408
767 438
752 408
727 420
705 410
708 401
708 377
718 367
764 389
752 408
764 389
814 343
833 346
835 416
818 434
810 451
818 434
846 432
830 470
846 432
835 416
846 432
835 416
845 347
833 346
845 347
864 349
883 371
881 411
871 426
846 432
871 426
863 448
877 456
863 448
871 426
881 411
919 428
948 421
977 449
948 421
940 393
972 395
977 449
972 395
980 383
1027 389
1038 369
1024 350
982 356
980 383
982 356
947 370
940 393
947 370
919 369
940 393
919 369
897 355
883 371
897 355
891 334
864 349
891 334
910 324
924 344
919 369
924 344
968 347
982 356
947 370
982 356
982 356
982 356
982 356
968 347
971 327
994 318
1024 350
994 318
971 327
968 347
982 356
982 356
982 356
982 356
982 356
982 356
968 347
971 327
971 327
961 310
953 297
967 290
1001 297
994 318
1001 297
984 259
967 290
984 259
1027 256
1001 297
1027 256
1080 281
1089 296
1058 345
1024 350
1058 345
1056 365
1038 369
1056 365
1066 373
1034 392
1066 373
1094 390
1085 418
1076 406
1094 390
1128 419
1099 438
1082 448
1099 438
1085 418
1099 438
1128 419
1142 430
1140 450
1099 438
1140 450
1150 463
1151 492
1125 514
1069 484
1125 514
1048 542
1051 559
1072 596
1138 575
1152 545
1178 538
1180 517
1125 514
1180 517
1185 498
1176 486
1151 492
1176 486
1174 458
1150 463
1174 458
1205 473
1176 486
1205 473
1219 495
1185 498
1219 495
1219 495
1180 517
1219 495
1229 501
1239 510
1250 534
1204 534
1180 517
1204 534
1178 538
1186 558
1147 584
1147 584
1138 575
1147 584
1184 620
1200 620
1223 587
1186 558
1223 587
1237 589
1255 617
1250 649
1063 780
1093 798
1089 824
1165 830
1115 830
1154 809
1185 813
1181 833
1185 813
1205 798
1225 793
1209 730
1225 793
1248 791
1247 835
1198 860
1187 877
1168 858
1187 877
1186 910
1167 908
1142 880
1168 858
1142 880
1107 875
1114 900
1141 913
1167 908
1186 910
1208 927
1233 884
1187 877
1198 860
1247 835
1256 851
1233 884
1256 851
1248 791
1239 663
1250 649
1270 648
1250 649
1255 617
1270 609
1255 617
1237 589
1248 577
1250 534
1264 517
1270 527
1264 517
1250 534
1239 510
1270 486
1239 510
1229 501
1219 495
1218 478
1232 465
1270 475
1232 465
1228 447
1258 442
1270 454
1258 442
1228 447
1207 417
1140 450
1142 430
1194 406
1207 417
1124 367
1154 334
1167 256
1171 225
1184 226
1192 261
1213 271
1216 303
1207 327
1174 325
1176 351
1174 325
1154 334
1174 325
1207 327
1216 303
1246 309
1250 343
1246 309
1268 308
1250 343
1270 343
1250 343
1268 308
1267 283
1258 265
1221 257
1213 271
1221 257
1221 223
1246 217
1258 265
1258 265
1246 217
1270 197
1246 217
1246 217
1221 223
1219 194
1198 169
1212 154
1226 142
1241 174
1246 217
1241 174
1226 142
1261 130
1270 136
1256 107
1238 116
1226 142
1238 116
1225 96
1200 111
1212 154
1182 147
1164 129
1200 111
1164 129
1182 147
1183 164
1198 169
1184 226
1165 209
1198 169
1165 209
1138 200
1159 170
1183 164
1159 170
1138 200
1128 222
1171 225
1167 256
1141 301
1109 297
1089 296
1080 281
1083 260
1128 222
1083 260
1067 232
1128 222
1067 232
1070 196
1104 191
1128 222
1104 191
1138 200
1104 191
1102 164
1070 164
1070 196
1070 164
1061 150
1068 126
1082 118
1109 124
1113 150
1102 164
1113 150
1109 124
1133 118
1164 129
1168 102
1144 92
1156 124
1144 92
1133 118
1144 92
1130 72
1127 52
1146 31
1171 42
1181 58
1144 92
1181 58
1209 72
1225 96
1227 63
1215 31
1209 72
1215 31
1178 25
1171 42
1178 25
1147 14
1146 31
1147 14
1146 3
1147 14
1178 25
1215 31
1233 27
1236 3
1233 27
1257 13
1251 1
1257 13
1252 31
1268 45
1252 31
1268 45
1265 83
1256 107
1265 83
1265 83
1268 45
1252 31
1257 13
1233 27
1215 31
1178 25
1171 42
1146 31
1127 52
1080 53
1077 43
1089 19
1087 1
1089 19
1077 43
1080 53
1130 72
1080 53
1054 69
1064 83
1066 102
1082 118
1066 102
1042 121
1054 69
1035 56
1014 81
997 108
1007 122
1042 121
1007 122
1002 148
1010 159
1061 150
1010 159
996 201
1032 236
1053 230
1070 196
1053 230
1067 232
1053 230
1032 236
1027 256
1032 236
996 201
974 239
984 259
974 239
952 245
938 225
938 192
966 199
996 201
966 199
957 163
967 150
1002 148
1010 159
1002 148
967 150
954 140
955 120
977 107
997 108
967 150
997 108
977 107
962 63
983 48
1035 56
983 48
985 20
991 5
1017 14
1033 30
1045 43
1035 56
1045 43
1077 43
1045 43
1033 30
1017 14
1071 0
1017 14
1015 1
1017 14
991 5
985 20
975 1
985 20
983 48
962 63
944 4
962 63
931 71
931 71
911 4
931 71
931 71
864 60
877 102
897 109
931 71
931 71
931 71
931 71
931 71
916 80
897 109
924 124
955 120
924 124
923 136
954 140
923 136
914 153
937 163
954 140
937 163
938 172
957 163
938 172
931 178
938 192
931 178
913 178
890 191
883 200
875 227
902 238
923 231
922 203
938 192
938 225
923 231
902 238
891 276
927 295
952 245
927 295
953 297
927 295
923 312
910 324
891 316
889 301
913 293
889 301
881 281
859 284
856 264
823 286
859 284
823 286
841 311
833 346
804 292
823 286
804 292
780 308
814 343
780 308
745 290
748 267
779 244
785 261
807 235
827 246
821 264
823 286
821 264
827 246
850 233
875 227
883 200
873 157
831 168
850 233
831 168
807 164
776 190
795 225
775 232
776 190
775 232
795 225
807 235
795 225
775 232
779 244
748 267
730 217
775 232
730 217
743 189
776 190
750 159
768 140
776 190
768 140
765 125
807 164
765 125
788 108
835 116
803 139
765 125
803 139
807 164
803 139
835 116
885 148
873 157
885 148
902 154
913 178
902 154
914 153
902 154
885 148
877 102
851 107
835 116
851 107
826 82
835 54
864 60
868 24
886 15
906 18
911 4
906 18
886 15
883 2
886 15
868 24
845 13
822 6
814 32
835 54
814 32
780 47
768 79
826 82
768 79
759 94
788 108
759 94
765 125
759 94
732 74
701 92
699 112
716 128
765 125
716 128
736 169
750 159
736 169
743 189
688 216
730 217
688 216
685 279
709 297
725 293
730 217
725 293
745 290
755 311
780 308
755 311
713 341
718 367
713 341
692 351
653 350
644 367
662 396
675 405
708 401
675 405
685 428
666 474
685 428
705 410
685 428
666 474
698 465
666 474
707 493
666 474
637 491
633 521
637 491
609 489
599 516
633 521
599 516
621 552
633 521
621 552
624 590
621 552
599 516
581 580
606 611
620 612
606 611
603 627
624 629
630 637
603 656
603 627
603 627
606 611
581 580
561 585
603 627
603 627
584 645
570 631
536 621
518 609
516 591
561 585
516 591
498 642
475 619
473 590
499 594
475 619
499 594
516 591
499 594
473 590
462 555
433 573
447 591
446 607
475 619
460 647
463 664
460 647
498 642
517 671
498 642
460 647
448 640
446 607
425 637
392 634
425 637
448 640
425 637
433 573
410 573
433 573
433 573
462 555
444 532
433 573
444 532
439 508
462 506
476 513
466 548
476 513
493 508
523 521
523 547
530 554
516 591
530 554
562 534
561 585
562 534
576 504
599 516
576 504
568 489
589 470
609 489
589 470
569 456
550 464
568 489
550 464
524 465
552 509
523 521
552 509
524 465
493 508
524 465
493 508
492 492
468 486
462 506
468 486
468 486
462 461
513 431
524 465
513 431
500 413
470 414
456 437
462 461
462 461
435 488
439 508
421 477
442 445
456 437
442 445
421 477
407 442
411 431
456 437
411 431
412 412
381 409
364 437
382 449
375 472
347 442
364 437
347 442
308 441
347 442
375 472
355 485
376 501
428 351
408 325
385 333
389 369
385 333
357 339
357 367
357 339
381 179
384 160
416 168
437 204
426 225
437 204
462 198
466 172
444 161
466 172
462 198
475 207
457 227
426 225
457 227
426 225
454 243
430 252
454 243
476 256
472 287
433 273
472 287
470 303
465 329
408 325
465 329
457 336
465 329
491 319
495 376
491 319
506 292
548 315
547 350
534 377
495 376
534 377
537 394
500 413
537 394
537 394
561 386
555 458
561 386
573 374
569 456
573 374
615 366
627 382
613 394
622 415
589 470
622 415
613 394
627 382
644 367
644 367
636 346
613 341
615 366
613 341
596 330
587 356
615 366
587 356
573 374
587 356
596 330
575 309
548 315
537 279
575 309
537 279
506 292
537 279
526 249
510 250
493 262
490 293
472 287
476 256
493 262
476 256
493 262
510 250
492 202
475 207
492 202
515 219
542 219
526 249
542 219
556 207
585 216
551 253
526 249
551 253
564 271
537 279
564 271
593 235
585 216
618 215
631 234
593 235
631 234
634 280
575 309
634 280
635 318
628 328
636 346
650 322
667 283
634 280
667 283
685 279
709 297
703 312
713 341
703 312
650 322
703 312
709 297
685 279
667 283
634 280
631 234
637 214
665 235
752 50
732 74
752 50
780 47
780 47
752 50
780 47
780 47
752 50
731 4
672 25
651 30
627 34
623 60
608 76
624 116
653 124
624 116
588 144
617 179
639 154
617 179
588 144
566 179
585 195
618 215
585 195
566 179
549 174
556 207
549 174
530 154
533 122
588 144
533 122
533 89
566 74
590 82
588 144
590 82
608 76
623 60
627 34
601 36
625 14
627 34
625 14
624 0
625 14
601 36
579 25
575 9
586 2
575 9
553 5
570 31
570 31
579 25
601 36
566 74
566 74
533 89
514 50
538 9
553 5
538 9
533 0
538 9
514 50
519 3
514 50
491 33
467 1
491 33
476 67
457 68
476 67
493 89
466 95
493 89
533 89
493 89
466 95
495 133
468 148
478 161
491 155
495 133
513 138
514 157
491 155
514 157
530 154
513 138
530 154
514 157
491 155
478 161
466 172
235 235
206 236
190 216
219 202
240 213
235 235
271 250
306 238
303 213
268 212
256 202
240 213
256 202
242 185
270 153
275 180
256 202
275 180
302 181
310 191
303 213
310 191
326 187
336 137
297 145
302 181
283 144
297 145
283 144
270 153
224 127
215 106
213 84
235 85
268 96
283 144
268 96
296 74
329 70
337 96
339 124
336 137
339 124
359 127
374 110
375 101
393 91
370 83
361 73
364 65
393 91
364 65
364 51
345 55
344 69
329 70
299 52
296 74
299 52
279 30
259 19
246 19
235 85
246 19
222 11
198 30
196 85
213 84
196 85
185 108
215 106
185 108
174 137
195 145
224 127
195 145
173 164
200 191
219 202
200 191
174 218
190 216
174 218
155 199
173 164
154 157
174 137
154 157
157 128
151 109
172 106
139 51
172 106
185 108
172 106
139 51
152 30
198 30
152 30
111 6
103 13
139 51
131 63
94 20
103 13
94 20
92 78
120 83
131 63
120 83
121 101
151 109
121 101
116 124
91 106
121 101
91 106
92 78
91 106
54 120
58 152
46 174
84 177
64 191
46 174
64 191
84 177
98 167
97 152
91 106
97 152
126 148
116 124
126 148
124 166
143 173
154 157
126 148
154 157
143 173
146 188
155 199
146 188
130 212
121 217
64 191
121 217
94 236
63 230
64 191
63 230
94 236
95 253
77 282
57 268
94 236
57 268
46 238
63 230
46 238
2 235
11 210
3 198
46 174
33 152
39 134
4 106
39 134
33 152
4 148
33 152
39 134
4 106
17 80
30 76
52 73
54 120
39 134
54 120
52 73
65 67
92 78
65 67
59 55
45 44
21 48
30 76
17 80
9 60
21 48
9 60
0 66
9 60
21 48
15 11
25 4
15 11
21 48
45 44
47 2
45 44
59 55
47 2
59 55
65 67
92 78
94 20
47 2
94 20
103 13
111 6
152 30
161 2
152 30
198 30
222 11
227 2
222 11
246 19
259 19
259 1
279 30
290 24
285 1
290 24
323 22
318 1
323 22
357 18
369 36
364 51
369 36
419 13
421 2
364 1
357 18
369 36
364 51
393 91
414 83
426 66
440 54
442 11
419 13
442 11
457 0
442 11
440 54
456 72
460 98
434 102
426 66
434 102
414 83
434 102
437 116
401 109
393 91
401 109
374 110
382 142
437 116
442 159
419 170
383 164
382 142
359 127
382 142
383 164
377 180
366 192
326 187
366 192
358 230
344 220
366 192
344 220
303 213
306 238
323 249
347 245
358 230
347 245
349 261
333 263
323 249
333 263
319 278
349 284
349 261
349 284
319 278
300 282
288 278
286 260
271 250
286 260
288 278
255 296
236 284
216 271
235 235
216 271
200 284
179 277
137 245
121 217
137 245
125 254
95 253
125 254
137 245
146 228
130 212
146 228
174 218
146 228
137 245
125 254
115 285
145 278
125 254
145 278
179 277
200 284
194 303
168 324
123 324
115 285
123 324
74 304
77 282
94 295
115 285
123 324
112 365
77 368
60 358
47 329
52 309
74 304
52 309
49 295
57 268
49 295
31 296
57 268
31 296
15 278
1 281
15 278
31 296
3 306
31 296
8 321
2 325
8 321
31 296
29 329
15 338
0 347
15 338
8 321
15 338
29 329
47 329
60 358
77 368
53 389
9 381
17 364
15 338
17 364
9 381
0 383
9 381
53 389
64 407
32 422
2 407
32 422
18 455
3 430
18 455
32 422
64 407
111 386
77 368
111 386
112 365
111 386
124 403
64 407
124 403
135 422
121 444
93 453
75 443
67 430
64 407
67 430
36 466
35 493
36 466
67 430
75 443
73 483
35 493
30 491
36 516
30 532
18 512
30 491
1 487
6 511
18 512
30 532
31 550
7 551
6 511
7 551
1 555
7 551
17 566
3 583
17 566
25 584
46 563
35 558
17 566
35 558
46 563
57 566
66 584
55 599
25 584
55 599
36 627
57 631
55 599
57 631
36 627
12 619
25 584
12 619
1 633
12 619
36 627
57 631
62 637
67 659
43 685
81 672
67 659
62 637
85 640
81 672
85 640
91 633
121 637
120 613
62 637
120 613
115 590
120 584
96 565
66 584
96 565
96 565
76 562
57 566
76 562
87 529
46 563
87 529
88 511
53 507
36 516
53 507
88 511
113 486
93 472
75 480
93 472
95 454
93 472
113 465
113 486
113 465
133 457
136 421
133 457
165 465
137 466
113 486
162 521
121 548
87 529
121 548
123 561
96 565
123 561
131 568
120 584
120 584
191 583
202 551
172 557
172 532
162 521
172 532
172 557
131 568
172 557
202 551
211 544
172 532
220 498
227 508
211 544
227 508
220 498
215 464
181 473
162 521
181 473
165 465
161 454
151 421
136 421
151 421
171 390
165 378
112 383
165 378
176 342
172 322
176 342
111 365
112 383
165 378
176 342
172 322
192 304
202 324
195 346
176 342
195 346
186 378
171 390
165 378
186 378
205 378
208 354
195 346
202 324
219 342
208 354
219 342
231 335
222 322
202 324
222 322
254 297
285 278
300 282
300 313
286 332
231 335
286 332
301 347
301 347
300 313
301 347
286 347
205 378
231 401
215 464
257 442
231 401
270 393
286 347
301 347
330 343
315 381
290 382
270 393
310 422
290 382
310 422
307 440
285 436
270 393
285 436
257 442
215 464
215 464
307 440
324 480
291 498
227 508
211 544
252 562
294 543
315 523
291 498
315 523
332 497
324 480
332 497
351 484
372 498
385 511
382 527
357 543
141 708
186 663
193 710
180 720
147 717
141 708
131 688
111 694
118 717
141 708
118 717
93 714
96 701
111 694
96 701
95 678
121 637
95 678
81 672
95 678
96 701
93 714
42 712
50 726
78 731
93 714
78 731
76 753
122 742
25 720
12 741
27 749
12 741
25 720
42 712
31 696
43 685
31 696
2 696
31 696
42 712
25 720
12 741
0 744
12 741
27 749
43 760
48 781
70 787
48 781
56 810
73 796
70 787
73 796
111 821
110 838
131 849
150 839
143 817
111 821
143 817
176 785
198 802
178 835
143 817
178 835
150 839
178 835
205 854
224 846
178 835
224 846
246 839
251 799
198 802
182 781
187 749
180 720
187 749
242 766
251 799
242 766
245 748
239 731
193 710
201 676
186 663
201 676
219 673
219 654
185 638
186 663
185 638
219 654
219 673
231 685
251 724
239 731
251 724
266 726
266 710
285 706
271 688
231 685
271 688
319 619
306 615
319 619
331 604
324 584
307 573
324 584
329 563
346 562
357 543
366 558
359 573
346 562
346 562
364 590
357 612
331 605
357 612
386 636
376 673
352 672
315 654
292 660
315 654
315 672
302 708
285 705
302 708
315 672
337 685
302 708
337 685
352 672
376 673
433 713
420 757
401 774
367 778
345 780
321 741
337 685
321 741
304 728
302 708
304 728
270 745
266 726
302 708
266 726
270 745
247 751
270 745
285 752
321 741
345 780
332 802
305 795
292 787
271 800
251 799
271 800
277 817
305 795
277 817
296 832
332 802
351 821
354 841
314 860
291 846
296 832
291 846
271 839
277 817
271 839
261 848
247 839
261 848
264 867
229 881
201 882
176 842
201 882
229 881
230 908
251 902
264 867
251 902
281 874
264 867
281 874
310 878
314 860
310 878
332 900
354 841
332 900
334 913
285 961
252 954
251 902
252 954
239 946
219 942
216 921
230 908
216 921
202 914
201 882
201 882
176 842
148 841
133 849
103 902
92 927
66 913
103 902
66 913
2 908
10 889
0 886
10 889
23 878
21 854
13 841
55 811
13 841
1 839
13 841
21 854
23 878
10 889
2 908
66 913
92 927
92 957
92 927
653 29
652 0
653 29
672 24
688 1
672 24
729 5
749 46
759 1
759 1
749 46
781 45
785 1
800 14
808 30
800 14
820 4
811 0
820 4
836 0
820 4
338 96
270 98
93 958
77 975
1 966
77 975
52 1020
18 1021
1 1004
18 1021
52 1020
52 1020
52 1020
52 1020
77 975
93 958
118 974
109 1022
118 974
136 1022
118 974
133 973
150 1017
133 973
148 977
152 940
167 938
167 971
148 977
167 971
168 991
150 1017
168 991
188 999
185 1020
188 999
198 995
219 1004
236 940
219 1004
198 995
192 968
167 971
203 914
167 971
192 968
219 939
236 940
219 1004
267 1021
289 1002
252 955
289 1002
288 962
318 961
327 999
289 1002
327 999
341 1022
327 999
340 970
333 954
318 961
333 954
354 925
333 954
340 970
394 975
372 937
418 915
372 937
354 925
372 937
394 975
434 959
418 915
434 959
442 973
394 975
394 975
387 994
340 970
387 994
394 975
387 994
368 1021
387 994
394 975
442 973
434 959
442 973
446 988
426 1022
526 954
499 975
526 954
548 943
549 980
566 998
534 1006
520 1022
534 1006
538 1021
534 1006
566 998
593 1003
580 1021
593 1003
606 922
624 924
636 940
639 988
631 1013
593 1003
631 1013
631 1013
637 1021
631 1013
639 988
668 990
655 1022
668 990
677 966
636 940
677 966
685 917
702 942
677 966
702 942
720 932
702 942
721 982
695 985
677 966
695 985
668 990
695 985
721 982
721 982
734 990
752 930
734 990
720 1022
734 990
821 1020
784 1009
785 1021
784 1009
821 1020
837 1003
851 982
827 970
832 934
855 922
874 935
889 971
851 982
889 971
873 999
851 982
873 999
851 982
837 1003
821 1020
821 1020
837 1003
935 1003
921 1021
935 1003
955 954
969 947
987 955
1007 938
1015 912
1007 938
1022 949
1035 984
1029 1009
998 1014
987 955
998 1014
990 1022
998 1014
987 955
969 947
955 954
935 1003
950 1020
935 1003
955 954
969 947
987 955
1007 938
1022 949
1044 950
1035 984
1044 950
1045 924
1044 950
1072 968
1061 983
1035 984
1093 926
1093 957
1211 930
1218 949
1273 789
1250 790
1259 773
